697.7688598632812
695.4381713867188
693.0388793945312
689.4719848632812
686.4910888671875
683.7506103515625
681.4243774414062
678.9567260742188
677.96630859375
676.5545654296875
676.35693359375
675.3260498046875
673.3224487304688
672.0866088867188
670.828125
668.2794799804688
667.9411010742188
664.9434814453125
662.307373046875
660.3555908203125
655.3065185546875
649.1436767578125
644.1071166992188
642.1268310546875
640.5498657226562
628.2890625
626.7820434570312
620.4609985351562
610.953857421875
603.03173828125
599.2725830078125
592.5813598632812
592.3590087890625
582.5333251953125
579.4940795898438
574.5328979492188
573.8798217773438
570.9440307617188
567.1631469726562
559.9692993164062
558.3251342773438
555.7911376953125
546.8206176757812
543.7526245117188
539.7197265625
536.09814453125
531.1477661132812
525.2489013671875
524.7840576171875
515.8746337890625
513.6640625
508.915283203125
504.0199890136719
499.92755126953125
493.38275146484375
487.0199890136719
479.04864501953125
475.3239440917969
472.47357177734375
460.6348571777344
458.0127868652344
450.2867431640625
448.96978759765625
446.44866943359375
435.18084716796875
426.6366271972656
423.6373291015625
418.5870666503906
407.43304443359375
400.3102722167969
397.2981872558594
388.4432678222656
385.4457702636719
377.314697265625
375.06036376953125
367.06695556640625
363.3409423828125
350.4478454589844
345.2737731933594
338.65972900390625
336.0687255859375
332.6678161621094
332.3784484863281
328.0050354003906
327.569580078125
321.57659912109375
312.8978271484375
306.4432067871094
306.10382080078125
305.917236328125
298.8191833496094
298.0829162597656
295.3980712890625
294.7347412109375
293.6115417480469
290.918701171875
290.6129455566406
288.80572509765625
287.5570068359375
285.25787353515625
284.431640625
282.3201599121094
276.7247009277344
274.3211364746094
273.3427734375
271.2895202636719
269.01715087890625
267.38873291015625
266.3426818847656
266.32379150390625
265.60955810546875
263.37554931640625
259.74359130859375
254.5767059326172
254.25637817382812
252.7002410888672
252.37232971191406
251.6988067626953
249.1060791015625
248.90206909179688
247.82180786132812
246.3666229248047
244.44651794433594
243.27210998535156
242.3289337158203
241.42428588867188
241.34503173828125
240.25413513183594
238.96319580078125
238.24508666992188
237.1988525390625
236.04087829589844
235.3479766845703
234.73583984375
234.3458709716797
232.79566955566406
231.4684295654297
231.0621337890625
230.1520233154297
228.35867309570312
228.29690551757812
226.79324340820312
226.21461486816406
225.66455078125
225.5520782470703
224.3834228515625
224.35763549804688
224.29945373535156
224.1253204345703
221.87979125976562
221.3446044921875
220.94268798828125
220.06752014160156
219.47842407226562
218.37637329101562
218.00460815429688
217.72274780273438
217.6127471923828
217.28976440429688
216.8889923095703
215.16482543945312
214.31106567382812
214.1158905029297
213.91015625
213.7797088623047
212.9603271484375
212.11399841308594
211.44326782226562
211.3785858154297
211.3267822265625
210.3180389404297
210.2168731689453
210.1347198486328
209.68161010742188
209.5970916748047
208.8055877685547
205.92938232421875
205.8096160888672
205.7685089111328
205.5619354248047
205.09500122070312
204.9960174560547
204.98602294921875
204.6458282470703
204.64523315429688
203.5968475341797
203.1524200439453
202.92239379882812
202.310546875
202.20614624023438
201.19163513183594
200.55752563476562
200.46954345703125
200.31076049804688
199.9163360595703
199.22903442382812
198.99774169921875
198.7137908935547
197.8311767578125
197.6124725341797
197.61178588867188
196.1201629638672
195.7841339111328
195.27622985839844
194.1397247314453
193.46600341796875
195.6078338623047
193.18580627441406
192.9610595703125
192.0989532470703
190.4568634033203
189.88754272460938
188.81954956054688
188.61050415039062
186.776611328125
186.3568115234375
181.1761016845703
179.5077362060547
177.4801788330078
171.61788940429688
171.4556427001953
168.60250854492188
168.0301971435547
164.90072631835938
161.54566955566406
160.49472045898438
156.24139404296875
156.12252807617188
155.1123504638672
153.51300048828125
152.6306915283203
152.61314392089844
149.93832397460938
149.42044067382812
148.4777374267578
146.79757690429688
145.89178466796875
144.8192901611328
143.8031005859375
140.2026824951172
135.38897705078125
134.85516357421875
132.81973266601562
130.5165557861328
128.79537963867188
127.2717056274414
126.9736099243164
123.74993133544922
121.92109680175781
119.01641845703125
118.98465728759766
118.78053283691406
118.31312561035156
116.73890686035156
116.06796264648438
115.62564849853516
113.5265884399414
112.05852508544922
112.01238250732422
110.88345336914062
109.79749298095703
108.9106674194336
108.70272064208984
106.90794372558594
106.47114562988281
105.60414123535156
104.72579193115234
104.15129852294922
101.91788482666016
101.8488540649414
101.51895904541016
97.21663665771484
96.47126007080078
96.0601577758789
91.6692886352539
91.59822845458984
91.40006256103516
88.95347595214844
87.34168243408203
86.08836364746094
84.9162368774414
84.25094604492188
83.89542388916016
81.71009826660156
81.69976806640625
81.07212829589844
80.27973937988281
79.10370635986328
78.81655883789062
76.6125717163086
76.44061279296875
76.41397094726562
76.29541015625
75.84130859375
75.27107238769531
73.45887756347656
71.94584655761719
70.02665710449219
69.86727142333984
68.35354614257812
66.34766387939453
65.18900299072266
64.61051177978516
62.6484260559082
62.314064025878906
60.26178741455078
58.428619384765625
57.1618537902832
57.09379196166992
55.32658004760742
55.265472412109375
55.087799072265625
54.918914794921875
54.72882843017578
53.73896789550781
53.2144889831543
52.6620979309082
50.7474479675293
50.689117431640625
48.98417663574219
48.56064987182617
48.50782012939453
48.502742767333984
47.41740036010742
46.67335891723633
46.071441650390625
45.48750305175781
44.98874282836914
44.36890411376953
43.627044677734375
42.63224411010742
41.43410110473633
41.11381530761719
40.610652923583984
39.177799224853516
38.474361419677734
38.44361114501953
37.24681854248047
34.715972900390625
34.0444450378418
31.684011459350586
31.509859085083008
31.243850708007812
30.462512969970703
29.045764923095703
28.808326721191406
28.681623458862305
27.390024185180664
26.479015350341797
26.036521911621094
25.807205200195312
25.79311180114746
25.300891876220703
25.1416015625
25.04874038696289
25.041425704956055
24.799516677856445
24.681697845458984
24.577505111694336
24.310415267944336
24.225831985473633
24.117277145385742
24.04347038269043
23.715877532958984
23.613656997680664
23.40653419494629
23.256757736206055
23.201751708984375
23.094181060791016
22.909292221069336
22.63576316833496
22.58319664001465
22.465288162231445
22.325439453125
22.06304359436035
22.055892944335938
21.991806030273438
21.75350570678711
32.24150848388672
30.794601440429688
30.6444034576416
29.725191116333008
25.593524932861328
24.015159606933594
18.22224235534668
17.492033004760742
17.07378387451172
13.798030853271484
13.515458106994629
12.09333610534668
11.327421188354492
11.076297760009766
10.653305053710938
9.958761215209961
9.925566673278809
9.276430130004883
9.181693077087402
8.945926666259766
8.876701354980469
7.888125419616699
7.058130741119385
6.979599475860596
6.882944107055664
6.6135969161987305
6.201548099517822
5.895847320556641
5.320741653442383
5.239752292633057
4.579154968261719
3.3183231353759766
2.9012880325317383
2.859166145324707
2.487727165222168
0.6508541107177734
0.6070871353149414
-0.4872589111328125
-0.5774469375610352
-1.1459016799926758
-1.450078010559082
-2.0189552307128906
-2.2083044052124023
-2.4658918380737305
-2.964282989501953
-3.173002243041992
-3.733262062072754
-3.842452049255371
-3.9284629821777344
-4.018514633178711
-4.057161331176758
-4.183022499084473
-4.392114639282227
